Plant 0.0 370.56 24.32 452.480256
Plant 0.0 286.08 262.4 422.40000000000003
Plant 0.0 0.0 1023.36 255.36
Plant 7.04 451.20000000000005 72.32 531.84
Plant 45.44 731.52 60.16 767.360256
Plant 55.04 381.44025600000003 103.68 449.91974400000004
Plant 188.8 638.079744 209.92 682.880256
Plant 257.28 398.72025600000006 295.68 490.88025600000003
Plant 274.56 333.44025600000003 335.36 417.27974399999994
Plant 283.52 711.680256 306.56 766.08
Plant 335.36 377.600256 371.2 469.76025599999997
Plant 373.76 652.160256 401.28 706.5600000000001
Plant 392.32 247.68 490.88 411.519744
Plant 426.88 386.559744 516.48 469.76025599999997
Plant 564.48 380.15999999999997 590.72 467.199744
Plant 595.84 259.839744 670.08 324.48
Plant 597.12 333.44025600000003 660.48 460.79999999999995
Plant 655.36 360.320256 695.04 453.75974399999996
Plant 716.16 368.00025600000004 782.72 456.96
Plant 770.56 628.479744 800.64 677.76
Plant 828.8 351.99974399999996 901.76 422.40000000000003
Plant 897.28 357.759744 944.0 418.56000000000006
Plant 929.28 412.79999999999995 952.96 449.91974400000004
Plant 936.96 631.040256 967.68 731.52
Plant 945.28 350.720256 1023.36 440.96025599999996
