Snowman 6.692864 341.332992 225.882112 535.425024
Snowman 36.810752 331.293696 240.941056 515.346432
Snowman 125.490176 550.483968 389.85625600000003 921.934848
Snowman 133.856256 138.875904 379.81696 381.49017599999996
Snowman 135.529472 560.5232639999999 373.124096 901.856256
Snowman 135.529472 125.490176 388.18304 396.54912
Snowman 190.7456 371.45088 505.307136 642.509824
Snowman 326.274048 664.2616320000001 729.516032 863.372288
Snowman 344.67942400000004 657.568768 771.346432 886.7973119999999
Snowman 358.065152 160.627712 555.503616 321.255424
Snowman 371.45088 143.895552 568.889344 321.255424
Snowman 398.222336 304.52326400000004 610.71872 463.476736
Snowman 411.608064 311.21612799999997 609.045504 488.574976
Snowman 510.326784 65.2544 920.2616320000001 376.470528
Snowman 538.771456 56.889343999999994 913.568768 376.470528
Snowman 590.640128 441.72595199999995 920.2616320000001 627.45088
Snowman 599.006208 430.01344000000006 928.627712 592.313344
Snowman 692.706304 692.706304 1015.6339199999999 957.0723839999999
Snowman 771.346432 252.653568 993.8821119999999 451.764224
Snowman 783.058944 266.039296 1000.574976 483.55532800000003
