Cookie 0.0 604.160256 147.84 720.639744
Cookie 154.24 453.75974399999996 282.88 534.399744
Cookie 158.08 520.959744 296.96 611.199744
Cookie 256.0 632.319744 434.56 759.039744
Cookie 334.08 439.040256 456.96 513.2797439999999
Cookie 604.16 612.48 768.0 721.92
Cookie 719.36 441.59999999999997 828.8 504.96
Cookie 724.48 506.24025600000004 862.08 595.2
Cookie 796.16 653.439744 966.4 767.360256
Cookie 835.84 437.76 942.72 510.72
Cookie 878.08 507.519744 1006.08 590.079744
Cookie 893.44 599.04 1023.36 705.920256
