Balloon 350.157824 357.23842 377.83347200000003 369.266172
Balloon 374.222848 340.398476 415.13472 362.049248
Balloon 386.255872 312.733828 421.15174400000006 344.006938
Balloon 409.11872 310.327732 446.420992 347.6154
Balloon 415.13472 328.370042 458.454016 369.266172
Balloon 425.96454400000005 356.035372 457.25081600000004 407.756888
Balloon 428.37094400000007 410.16230199999995 469.282816 465.49227999999994
Balloon 433.18476799999996 368.063806 477.70624000000004 424.59614999999997
Balloon 439.200768 434.21848800000004 499.365888 488.34541799999994
Balloon 446.420992 310.327732 493.348864 359.64383399999997
Balloon 451.233792 483.53459 484.92646399999995 534.053058
Balloon 462.063616 334.38460000000003 490.942464 376.483096
Balloon 465.673216 398.133868 519.821312 458.275356
Balloon 468.079616 500.37385199999994 512.602112 537.66152
Balloon 471.69024 342.80389 517.414912 402.945378
Balloon 477.70624000000004 453.463846 528.244736 503.982314
Balloon 487.332864 306.71927000000005 525.838336 339.19611
Balloon 490.942464 321.15311799999995 535.463936 365.65771
Balloon 494.552064 377.68614400000007 528.244736 412.56771599999996
Balloon 499.365888 407.756888 537.8703360000001 457.07230799999996
Balloon 516.211712 452.260798 555.920384 502.779266
Balloon 522.227712 434.21848800000004 541.48096 455.86926
Balloon 528.244736 496.76539 571.563008 550.89232
Balloon 531.854336 425.799198 567.953408 460.68077
