Carrot 206.08 391.68 315.52 462.72
Carrot 222.08 305.28000000000003 291.84 379.520256
Carrot 243.2 243.20025600000002 327.68 312.320256
Carrot 320.0 536.960256 384.64 608.64
Carrot 355.2 186.24 425.6 235.52025600000002
Carrot 357.76 235.52025600000002 432.0 277.760256
Carrot 366.08 552.96 440.32 648.320256
Carrot 394.24 488.96025599999996 502.4 584.960256
Carrot 419.2 200.960256 487.68 257.919744
Carrot 577.92 252.800256 646.4 307.839744
Carrot 635.52 272.64 727.04 367.359744
Carrot 641.28 362.240256 733.44 462.72
