Candy 98.132992 134.03875 250.027008 369.67375
Candy 109.22700800000001 74.27625 237.227008 186.97125
Candy 230.4 60.616249999999994 374.612992 296.25125
Candy 321.70700800000003 350.89125 482.132992 594.21
Candy 373.76 558.3525 537.6 624.945
Candy 379.73299199999997 459.3175 432.64 498.59
Candy 417.28 78.545 570.88 316.74125
Candy 459.947008 337.23125 623.787008 572.86625
Candy 569.172992 28.173750000000002 713.387008 260.39375
Candy 598.187008 125.50125 756.907008 362.84375
Candy 811.52 101.59625 971.092992 322.7175
