Book 0.0 549.12 106.88 767.360256
Book 0.0 269.439744 150.4 533.1202559999999
Book 0.0 11.52 151.68 271.359744
Book 67.2 0.0 154.24 59.519999999999996
Book 69.76 469.76025599999997 293.12 696.96
Book 88.32 599.04 295.68 767.360256
Book 146.56 0.0 286.72 172.160256
Book 150.4 96.63974400000001 268.16 302.720256
Book 150.4 303.99974399999996 291.84 476.15999999999997
Book 252.16 648.320256 344.96 767.360256
Book 264.32 211.839744 350.08 328.959744
Book 275.84 449.91974400000004 344.96 572.7997439999999
Book 281.6 84.48 351.36 234.24
Book 290.56 555.519744 344.96 702.080256
Book 291.84 341.12025600000004 353.92 444.159744
Book 328.96 515.840256 385.92 611.199744
Book 331.52 421.76025599999997 392.32 519.680256
Book 332.8 568.959744 449.28 767.360256
Book 336.64 244.47974399999998 388.48 341.12025600000004
Book 339.84 591.36 400.64 707.840256
Book 344.96 145.280256 392.32 264.320256
Book 344.96 338.55974399999997 397.44 431.36025600000005
Book 367.36 457.599744 437.12 560.64
Book 383.36 515.840256 435.84 621.440256
Book 385.92 277.760256 412.16 344.96025599999996
Book 387.2 407.04 435.84 494.72025600000006
Book 392.32 206.079744 414.72 281.600256
Book 394.88 351.99974399999996 432.0 415.359744
Book 413.44 245.76 434.56 298.880256
Book 413.44 296.319744 434.56 347.52
Book 450.56 360.96 472.96 391.68
Book 451.84 288.0 475.52 330.87974399999996
Book 454.4 390.39974400000006 474.24 426.879744
Book 455.68 320.00025600000004 474.24 362.240256
Book 455.68 419.199744 475.52 466.56000000000006
Book 455.68 440.319744 476.8 495.99974399999996
Book 455.68 473.60025599999994 482.56 542.079744
Book 552.32 298.880256 573.44 539.52
Book 601.6 568.959744 703.36 767.360256
Book 604.16 410.24025600000004 658.56 489.59999999999997
Book 604.16 182.39999999999998 673.92 297.6
Book 605.44 344.96025599999996 637.44 408.320256
Book 605.44 259.20000000000005 672.64 348.800256
Book 609.28 499.839744 732.16 767.360256
Book 609.28 458.88 770.56 690.560256
Book 637.44 338.55974399999997 736.64 424.32
Book 654.08 428.15999999999997 807.68 568.959744
Book 667.52 56.960256 787.84 245.76
Book 677.12 126.72 869.76 341.12025600000004
Book 687.36 305.28000000000003 900.48 462.72
Book 741.76 486.39974400000006 1023.36 767.360256
Book 784.0 0.0 967.68 145.280256
Book 802.56 301.44 1023.36 526.08
Book 867.2 1.280256 1023.36 271.359744
