Cheese 0.0 467.2 161.600512 572.8
Cheese 91.199488 206.399488 302.39948799999996 384.0
Cheese 142.399488 636.8 211.2 803.2
Cheese 153.6 761.6 302.39948799999996 894.4005119999999
Cheese 316.8 638.400512 462.39948799999996 755.2
Cheese 347.200512 448.0 455.999488 576.0
Cheese 366.39948799999996 702.400512 536.000512 870.4
Cheese 452.799488 516.799488 542.400512 598.4
Cheese 502.4 688.0 689.599488 841.6
Cheese 508.8 624.0 647.999488 708.799488
Cheese 508.8 528.0 684.8 625.599488
Cheese 577.599488 391.999488 716.8 572.8
